char_coef = 0.3217745347518016
word_coef = 0.07022881669049061
avg_word_length_coef = 0.5090982427870748
space_coef = -0.15831091236345404
intercept = 1.591021053665763
